    0.3802    0.1661    1
    0.3072    0.2090    1
    0.3455    0.2358    1
    0.5400    0.4476    1
    0.7257    0.4234    1
    1.8854    0.5037    1
    1.9587    0.4689    1
    2.9694    0.5545    1
    2.4421    0.4232    2
    2.7067    0.5143    2
    2.5637    0.6832    2
    3.5721    0.7072    2
    3.9477    0.7742    2
    4.1313    0.6938    2
    4.5417    0.6937    2
    4.3499    0.5543    2
    7.5657    0.7362    2
    4.7643    0.6588    3
    6.5589    0.7551    3
    9.9525    0.7037    3
   13.9861    0.8024    3
   17.8663    0.7938    3
    1.0923    0.2491    4
    1.3166    0.2598    4
    0.6463    0.2974    4
    1.3219    0.4019    4
    1.0632    0.4690    4
    0.9164    0.5360    4
    1.5878    0.5279    4
    1.9627    0.5761    4
    1.5545    0.6351    4
    1.6674    0.6619    4
    7.8306    0.8354    4
    5.9610    0.7310    5